Íris

Modelo
		Acurácia	Recall		Precision
0.1		 0,97		 0,97		 0,97
0.2	         0,95 	         0,96 	         0,95 
0.3	         0,92 	         0,90 	         0,92 
0.4	         0,95 	         0,96 	         0,95 
0.5	         0,93 	         0,95 	         0,93 
0.6	         0,92 	         0,91 	         0,92 
0.7	         0,84 	         0,84 	         0,84 
0.8	         0,92 	         0,91 	         0,92 
0.9	         0,79 	         0,74 	         0,79 

MLP

		Acurácia	Recall		Precision
0.1		 0,95		 0,96		 0,95
0.2	         0,99 	         0,99 	         0,99 
0.3	         0,98 	         0,98 	         0,98 
0.4	         0,97 	         0,98 	         0,97 
0.5	         0,96 	         0,97 	         0,96 
0.6	         0,97 	         0,97 	         0,97 
0.7	         0,96 	         0,97 	         0,96 
0.8	         0,97 	         0,97 	         0,97 
0.9	         0,96 	         0,96 	         0,96 

-----------------------------------------------------------------------------------------
Sementes

Modelo

		Acurácia	Recall		Precision
0.1		 0,46		 0,29		 0,46
0.2	         0,53 	         0,36 	         0,53 
0.3	         0,58 	         0,43 	         0,58 
0.4	         0,49 	         0,33 	         0,49 
0.5	         0,61 	         0,50 	         0,61 
0.6	         0,51 	         0,35 	         0,51 
0.7	         0,51 	         0,36 	         0,51 
0.8	         0,53 	         0,39 	         0,53 
0.9	         0,53 	         0,39 	         0,53 

MLP

		Acurácia	Recall		Precision
0.1		 0,88		 0,87		 0,88
0.2	         0,79 	         0,80 	         0,79 
0.3	         0,92 	         0,93 	         0,92 
0.4	         0,90 	         0,91 	         0,90 
0.5	         0,85 	         0,84 	         0,85 
0.6	         0,77 	         0,73 	         0,77 
0.7	         0,87 	         0,88 	         0,87 
0.8	         0,75 	         0,73 	         0,75 
0.9	         0,74 	         0,76 	         0,74 
---------------------------------------------------------------------
Vidros 

Modelo 
	
		Acurácia	Recall		Precision
0.1		 0,97		 0,97		 0,97
0.2	         0,95 	         0,96 	         0,95 
0.3	         0,92 	         0,90 	         0,92 
0.4	         0,95 	         0,96 	         0,95 
0.5	         0,93 	         0,95 	         0,93 
0.6	         0,92 	         0,91 	         0,92 
0.7	         0,84 	         0,84 	         0,84 
0.8	         0,92 	         0,91 	         0,92 
0.9	         0,79 	         0,74 	         0,79 

MLP

		Acurácia	Recall		Precision
0.1		 0,95		 0,96		 0,95
0.2	         0,99 	         0,99 	         0,99 
0.3	         0,98 	         0,98 	         0,98 
0.4	         0,97 	         0,98 	         0,97 
0.5	         0,96 	         0,97 	         0,96 
0.6	         0,97 	         0,97 	         0,97 
0.7	         0,96 	         0,97 	         0,96 
0.8	         0,97 	         0,97 	         0,97 
0.9	         0,96 	         0,96 	         0,96 